360536
362055
362443
364002
365078
365088
366404
426143
426323
426568
426785
426797
426809
426824
427064
427138
427305
427307
427385
427453
427470
427508
428576
428705
428804
428810
428857
428975
429383
429476
429512
429566
429568
429579
430176
430276
430554
430583
430742
430748
430850
430891
431224
431249
431251
431395
431415
432076
432225
432765
432794
433011
433021
433030
434447
434480
434560
434575
434687
434995
434999
435703
435835
435843
435845
435887
435902
435962
436000
436608
436646
436789
436995
437017
437508
437555
437795
437808
438020
438036
438502
438820
439036
439076
439096
439107
439349
439708
439757
439862
439969
440526
440550
440679
440689
440802
440809
440872
441066
441073
441076
441157
441160
442080
442083
442622
442817
442932
442937
443034
443643
443988
444025
444034
445451
445788
445820
446460
448074
449519
449709
451492
451725
451729
451732
452279
452363
452698
453264
455373
457797
458037
458065
458150
458235
458270
458277
468331
468335
471705
472971
473262
473408
473940
474689
474872
476257
476265
476273
477530
477556
477600
477607
478690
478707
481107
482512
483038
483051
483117
488265
488278
488288
488519
489186
489893
490797
